17 0.534282 0.519531 0.111255 0.21875
17 0.417853 0.546875 0.25097 0.328125
17 0.0996119 0.461914 0.199224 0.197266
17 0.664295 0.546875 0.210867 0.261719
17 0.203752 0.587891 0.407503 0.429688
17 0.534282 0.519531 0.111255 0.21875
17 0.417853 0.546875 0.25097 0.328125
17 0.0996119 0.461914 0.199224 0.197266
17 0.664295 0.546875 0.210867 0.261719
17 0.203752 0.587891 0.407503 0.429688
17 0.534282 0.519531 0.111255 0.21875
17 0.417853 0.546875 0.25097 0.328125
17 0.0996119 0.461914 0.199224 0.197266
17 0.664295 0.546875 0.210867 0.261719
17 0.203752 0.587891 0.407503 0.429688
17 0.534282 0.519531 0.111255 0.21875
17 0.417853 0.546875 0.25097 0.328125
17 0.0996119 0.461914 0.199224 0.197266
17 0.664942 0.546875 0.209573 0.261719
17 0.203752 0.587891 0.407503 0.429688
17 0.534282 0.519531 0.111255 0.21875
17 0.417853 0.546875 0.25097 0.328125
17 0.0996119 0.461914 0.199224 0.197266
17 0.664942 0.546875 0.209573 0.261719
17 0.203752 0.587891 0.407503 0.429688
17 0.536223 0.520508 0.107374 0.220703
17 0.0996119 0.461914 0.199224 0.197266
17 0.423674 0.543945 0.241915 0.326172
17 0.664942 0.546875 0.209573 0.261719
17 0.205045 0.585938 0.407503 0.429688
17 0.536223 0.520508 0.107374 0.220703
17 0.0996119 0.461914 0.199224 0.197266
17 0.423674 0.543945 0.241915 0.326172
17 0.664942 0.546875 0.209573 0.261719
17 0.205045 0.585938 0.407503 0.429688
17 0.536223 0.520508 0.107374 0.220703
17 0.0996119 0.461914 0.199224 0.197266
17 0.423674 0.543945 0.241915 0.326172
17 0.664942 0.546875 0.209573 0.261719
17 0.205045 0.585938 0.407503 0.429688
17 0.536223 0.520508 0.107374 0.220703
17 0.0996119 0.461914 0.199224 0.197266
17 0.423674 0.543945 0.241915 0.326172
17 0.664942 0.546875 0.209573 0.261719
17 0.205045 0.585938 0.407503 0.429688
56 0.8575 0.524123 0.039 0.0453216
0 0.983 0.406433 0.03 0.274854
67 0.426 0.346491 0.06 0.254386
0 0.982 0.878655 0.036 0.125731
25 0.069 0.343567 0.138 0.125731
60 0.0835 0.843567 0.167 0.295322
0 0.9775 0.565058 0.045 0.603801
60 0.854 0.586257 0.094 0.0906433
0 0.0135 0.590643 0.027 0.190058
60 0.0835 0.759503 0.167 0.106725
56 0.854 0.586988 0.096 0.0891813
60 0.9285 0.663743 0.143 0.0935673
56 0.9295 0.660088 0.121 0.19152
67 0.5455 0.495614 0.153 0.143275
56 0.928 0.59576 0.104 0.0628655
0 0.189 0.438596 0.056 0.0701754
0 0.8095 0.453216 0.045 0.184211
0 0.5435 0.495614 0.901 0.98538
56 0.8575 0.524123 0.039 0.0453216
0 0.983 0.406433 0.03 0.274854
67 0.426 0.346491 0.06 0.254386
0 0.982 0.878655 0.036 0.125731
25 0.069 0.343567 0.138 0.125731
60 0.0835 0.843567 0.167 0.295322
0 0.9775 0.565058 0.045 0.603801
60 0.854 0.586257 0.094 0.0906433
0 0.0135 0.590643 0.027 0.190058
60 0.0835 0.759503 0.167 0.106725
56 0.854 0.586988 0.096 0.0891813
60 0.9285 0.663743 0.143 0.0935673
56 0.9295 0.660088 0.121 0.19152
67 0.5455 0.495614 0.153 0.143275
56 0.928 0.59576 0.104 0.0628655
0 0.189 0.438596 0.056 0.0701754
0 0.8095 0.453216 0.045 0.184211
0 0.5435 0.495614 0.901 0.98538
56 0.8575 0.524123 0.039 0.0453216
0 0.983 0.406433 0.03 0.274854
67 0.426 0.346491 0.06 0.254386
0 0.982 0.878655 0.036 0.125731
25 0.069 0.343567 0.138 0.125731
60 0.0835 0.843567 0.167 0.295322
0 0.9775 0.565058 0.045 0.603801
60 0.854 0.586257 0.094 0.0906433
0 0.0135 0.590643 0.027 0.190058
60 0.0835 0.759503 0.167 0.106725
56 0.854 0.586988 0.096 0.0891813
60 0.9285 0.663743 0.143 0.0935673
56 0.9295 0.660088 0.121 0.19152
67 0.5455 0.495614 0.153 0.143275
56 0.928 0.59576 0.104 0.0628655
0 0.189 0.438596 0.056 0.0701754
0 0.8095 0.453216 0.045 0.184211
0 0.5435 0.495614 0.901 0.98538
56 0.8575 0.524123 0.039 0.0453216
0 0.983 0.406433 0.03 0.274854
67 0.426 0.346491 0.06 0.254386
0 0.982 0.878655 0.036 0.125731
25 0.069 0.343567 0.138 0.125731
60 0.0835 0.843567 0.167 0.295322
0 0.9775 0.565058 0.045 0.603801
60 0.854 0.586257 0.094 0.0906433
0 0.0135 0.590643 0.027 0.190058
60 0.0835 0.759503 0.167 0.106725
56 0.854 0.586988 0.096 0.0891813
60 0.9285 0.663743 0.143 0.0935673
56 0.9295 0.660088 0.121 0.19152
67 0.5455 0.495614 0.153 0.143275
56 0.928 0.59576 0.104 0.0628655
0 0.189 0.438596 0.056 0.0701754
0 0.8095 0.453216 0.045 0.184211
0 0.5435 0.495614 0.901 0.98538
9 0.838333 0.534653 0.03 0.0871287
7 0.391111 0.316832 0.0333333 0.0475248
7 0.46 0.367327 0.0311111 0.0534653
7 0.595556 0.320792 0.0533333 0.0752475
5 0.55 0.370297 0.0822222 0.0792079
7 0.369444 0.365347 0.0277778 0.0534653
9 0.265 0.356436 0.0233333 0.0633663
2 0.164444 0.49703 0.04 0.039604
9 0.206111 0.29802 0.00777778 0.029703
0 0.0827778 0.49703 0.0166667 0.0594059
27 0.376111 0.763366 0.0122222 0.108911
0 0.632222 0.811881 0.04 0.122772
9 0.494444 0.254455 0.0111111 0.0455446
5 0.52 0.356436 0.0555556 0.0712871
2 0.505 0.4 0.0366667 0.0594059
9 0.481111 0.258416 0.0133333 0.0415842
2 0.436111 0.337624 0.0277778 0.0415842
2 0.432222 0.447525 0.0511111 0.0792079
5 0.397778 0.373267 0.0311111 0.0574257
5 0.391667 0.321782 0.0344444 0.0534653
2 0.607778 0.370297 0.0333333 0.0475248
7 0.395556 0.374257 0.0355556 0.0633663
2 0.308333 0.413861 0.0322222 0.0475248
5 0.595556 0.318812 0.0533333 0.0673267
2 0.401667 0.488119 0.0455556 0.0574257
2 0.215556 0.504951 0.0755556 0.0950495
26 0.947778 0.859406 0.02 0.0712871
0 0.95 0.657426 0.0355556 0.20198
25 0.815 0.735644 0.198889 0.283168
2 0.108333 0.524752 0.0611111 0.0514851
2 0.286667 0.49703 0.0644444 0.0752475
2 0.534444 0.432673 0.0377778 0.049505
7 0.553333 0.372277 0.0755556 0.0752475
0 0.63 0.859406 0.0466667 0.269307
0 0.977778 0.742574 0.0444444 0.10297
2 0.458889 0.364356 0.0288889 0.0475248
26 0.634444 0.822772 0.04 0.10099
25 0.811667 0.653465 0.198889 0.130693
0 0.591667 0.755446 0.0411111 0.132673
0 0.932222 0.686139 0.0355556 0.231683
2 0.0611111 0.631683 0.0822222 0.170297
2 0.413889 0.545545 0.0588889 0.10099
9 0.182222 0.276238 0.0111111 0.0455446
0 0.744444 0.847525 0.0444444 0.253465
2 0.356667 0.521782 0.0644444 0.10099
2 0.512222 0.462376 0.0488889 0.0693069
0 0.530556 0.70198 0.03 0.2
2 0.468333 0.513861 0.0611111 0.0970297
0 0.976111 0.869307 0.0477778 0.253465
0 0.777778 0.911881 0.0733333 0.172277
9 0.326111 0.20297 0.0233333 0.0930693
0 0.500556 0.69703 0.0411111 0.205941
2 0.527778 0.89604 0.211111 0.20396
2 0.0288889 0.876238 0.0577778 0.235644
5 0.602778 0.591089 0.17 0.326733
2 0.241111 0.59802 0.113333 0.162376
2 0.317778 0.573267 0.0777778 0.116832
0 0.405556 0.80396 0.08 0.30099
2 0.121111 0.681188 0.16 0.237624
2 0.437778 0.588119 0.0955556 0.126733
